
Goal lists====> [ 54  19  78  15  24  58 102 107 104  36 109   4  77  92  18  40  38  65
  48  31  99  50  66  75  86  60  62 110  84  12  81 112  29  25  64  41
  39  87  83  61  93 105  16  11  21 111  34   5  47  97  14  82  55   9
 106   8  88   6  98  26 113  96  80  30  79  89  49   7  33  43  44 100
  57  85  27  63  68  42  46  53  95  45  72  67  94 103  35  69  52  73
 101   3 108  32  37  10   2  70  13  56  76  91  71  22  23]
Acc=====> 0.9575
length====> 105
choose train acc =  0.9575 total_train_acc= 0.9563
choose test acc =  0.9583 total_test_acc= 0.9583
[ 106.       0.957]
|episode =  1 |step =  300 |train acc =  0.9567 |len= 105.0 |reward = 0 |done = False
|episode =  1 |step =  400 |train acc =  0.9555 |len= 73.0 |reward = 0 |done = False
|episode =  1 |step =  500 |train acc =  0.9568 |len= 71.0 |reward = 0 |done = False
|episode =  1 |step =  600 |train acc =  0.9569 |len= 89.0 |reward = 0 |done = False
Goal lists====> [ 62  43  69  13  29   8  71  30  75  97  16  78  34 103  22  99  36  58
  94 102  53 100  88  84  89  35  60 106  41  95  79  83  87  12  44  49
  39  96 105 111 108  85  91  40  92 113 112 104  21  28  57  17  59  74
  63  51  31   4  26  18  67  52 107  32   9   3  27   1  68  98  86  76
  65  66  37  47  81  61  70  19  50  45   5  55  64  15  90  38  23  33
  20  82  11  46  24  80  42  54 109]
Acc=====> 0.9575
length====> 99
choose train acc =  0.9575 total_train_acc= 0.9563
choose test acc =  0.9591 total_test_acc= 0.9583
[ 102.        0.9569]
|episode =  2 |step =  700 |train acc =  0.9567 |len= 99.0 |reward = 0 |done = False
|episode =  2 |step =  800 |train acc =  0.9548 |len= 61.0 |reward = 0 |done = False
Goal lists====> [ 22  94  84  89  40  68  98  45  49   9 103  93  10  54  35 100  55  82
  73  99  70  88 113  39  46  90  29  92 111  61  13   4  79  76  72  14
   6 105  48  81  33  80  32   3  85 112  20  69 104  64  43  78   8  53
  18  65 108  58 109  12  83  30  56  41  37  16  51]
Acc=====> 0.9576
length====> 67
choose train acc =  0.9576 total_train_acc= 0.9563
choose test acc =  0.9588 total_test_acc= 0.9583
[ 73.       0.9578]
Goal lists====> [ 22  94  84  89  40  68  98  45  49   9 103  93  10  54  35 100  55  82
  73  99  70  88 113  39  46  90  29  92  61  13   4  79  76  72  14   6
 105  48  81  33  80  32   3  85 112  20  69 104  64  43  78   8  53  18
  65 108  58 109  83  30  56  41  37  16  51  52  50  63  19  57  23]
Acc=====> 0.9577
length====> 71
choose train acc =  0.9577 total_train_acc= 0.9563
choose test acc =  0.9595 total_test_acc= 0.9583
[ 74.       0.9578]
Goal lists====> [ 22  94  84  89  40  68  98  45  49   9 103  93  10  54  35 100  55  82
  73  99  70  88 113  39  46  90  29  92  61  13   4  79  72  14   6 105
  48  81  33  80   3  85 112  20  69 104  64  65 108  58  83  30  56  41
  37  16  51  50  63  19  57  23  75  60  66  87  27]
Acc=====> 0.9575
length====> 67
choose train acc =  0.9575 total_train_acc= 0.9563
choose test acc =  0.9583 total_test_acc= 0.9583
[ 69.       0.9573]
Goal lists====> [ 22  94  84  89  40  68  98  45  49   9 103  93  10  54  35 100  55  82
  73  99  70  88 113  39  46  90  29  92  61  13   4  79  72  14   6 105
  48  81  33  80   3  85 112  20  69 104  64  65 108  58  83  30  56  41
  37  16  51  50  63  19  57  23  75  60  66  87  27   5  97  67  32]
Acc=====> 0.9575
length====> 71
choose train acc =  0.9575 total_train_acc= 0.9563
choose test acc =  0.9583 total_test_acc= 0.9583
[ 75.       0.9571]
Goal lists====> [ 22  94  84  89  40  68  98  45  49   9 103  93  10  54  35 100  55  82
  73  99  70  88 113  39  46  90  29  92  61  13   4  79  72  14   6 105
  48  81  33  80   3  85 112  20  69 104  64  65 108  58  83  30  56  41
  37  16  51  50  63  19  57  23  75  60  66  87  27   5  97  67  32   7
  31  28 109  76  44  12  15  24  38  42 107]
Acc=====> 0.9577
length====> 83
choose train acc =  0.9577 total_train_acc= 0.9563
choose test acc =  0.9593 total_test_acc= 0.9583
[ 86.       0.9576]
|episode =  7 |step =  900 |train acc =  0.9567 |len= 71.0 |reward = 0 |done = False
|episode =  7 |step =  1000 |train acc =  0.9564 |len= 99.0 |reward = 0 |done = False
|episode =  7 |step =  1100 |train acc =  0.9567 |len= 91.0 |reward = 0 |done = False
Goal lists====> [  3  23  46   4  74  34  47  31  67  91  70  89  21  99  73  79 108  84
  62  76  53  16 105  39   8  65  63 102 103  29  93  18  44  51  58 110
  42  28 106  37  19  97  57  90  22 109  87  12  38  13 100   1  92  98
  50  81  85  52  33   6  45  68  66  94  60  41  14  80  55  78  82  27
 104  75  72  11  88 112  20  86  71  43  69  40  83  26  95  59  17  10
  24  25  32  96  61  30  15]
Acc=====> 0.9575
length====> 97
choose train acc =  0.9575 total_train_acc= 0.9563
choose test acc =  0.9589 total_test_acc= 0.9583
[ 99.       0.9577]
Goal lists====> [  3  23  46   4  74  34  47  31  67  91  70  89  21  99  73  79 108  84
  62  76  53  16 105  39   8  65  63 102 103  29  93  18  44  51  58 110
  42  28 106  37  19  97  57  90  22 109  87  12  38  13 100   1  92  98
  50  81  85  52   6  45  68  66  94  60  41  14  80  55  78  82  27 104
  75  72  11  88 112  20  86  71  43  69  40  83  26  95  59  17  10  24
  25  32  96  61  30  15  49   5 111]
Acc=====> 0.9576
length====> 99
choose train acc =  0.9576 total_train_acc= 0.9563
choose test acc =  0.959 total_test_acc= 0.9583
[ 100.        0.9573]

target_params_replaced

|episode =  9 |step =  1200 |train acc =  0.9563 |len= 75.0 |reward = 0 |done = False
|episode =  9 |step =  1300 |train acc =  0.9544 |len= 93.0 |reward = 0 |done = False
|episode =  9 |step =  1400 |train acc =  0.956 |len= 75.0 |reward = 0 |done = False
Goal lists====> [  3  94  59  17   5 101  13  41 105 110  21  62  31  96  81  20  36  86
  35  88  71  89  74  58  26  65  67  16  42  11 112  82  60  73  19  87
   4  68  33  27  78  40  75  25 104  48  14  56  28 103  55  23  34 102
  69  12 108  18  52  70  61   8   6  63  46  44  51  76  43  80  30   1
  90  57 106  45   2  38  39]
Acc=====> 0.9575
length====> 79
choose train acc =  0.9575 total_train_acc= 0.9563
choose test acc =  0.9593 total_test_acc= 0.9583
[ 81.       0.9568]
|episode =  10 |step =  1500 |train acc =  0.956 |len= 83.0 |reward = 0 |done = False
Goal lists====> [  3  17   5 101 105 110  81  36  35  88  65  67  16  11 112  82  60  19
  68  33  75  25 104  14 102  12  18   6  44  51  76  80  30   1  90  39
  72  95  24   7  50  47  66  54 107  98  62  32 109  93  27  49  21  79
 100   2  99  77  37  64  28   9  57  10  86  73 113  70  20  71  74  41
  23   4  97 106 111 108   8  22  91  34  45  56  58  26  85  15 103  55
  13  53  69]
Acc=====> 0.9578
length====> 93
choose train acc =  0.9578 total_train_acc= 0.9563
choose test acc =  0.9592 total_test_acc= 0.9583
[ 94.       0.9571]
Goal lists====> [  3   5 101 105 110  81  36  35  88  65  67  16  11 112  82  60  19  68
  33  75  25 104  14 102  18   6  44  51  80  30   1  90  39  72  95  24
   7  50  47  66  54 107  98  62  32 109  93  27  49  21  79 100   2  99
  37  28   9  57  10  86  73  20  71  74  23   4  97 106 111 108   8  91
  34  45  56  58  26  15 103  55  53  69  89  31  42  29  46  43  41  48
  40  52  92  96  38  78  84  59  76  87  63  13  12]
Acc=====> 0.9575
length====> 103
choose train acc =  0.9575 total_train_acc= 0.9563
choose test acc =  0.9593 total_test_acc= 0.9583
[ 103.        0.9575]
Goal lists====> [  3   5 101 105 110  81  36  35  88  65  67  16  11 112  82  60  19  68
  33  75  25 104  14 102  18   6  44  51  80  30   1  90  39  72  95  24
   7  50  66  54 107  98  62  32 109  93  27  49  21  79 100   2  99  37
  28   9  57  10  86  73  20  71  74  23   4  97 106 111 108   8  91  34
  45  56  58  26  15 103  55  53  69  89  31  42  29  46  43  41  48  40
  52  92  96  38  78  84  59  76  87  63  13  12  70]
Acc=====> 0.9575
length====> 103
choose train acc =  0.9575 total_train_acc= 0.9563
choose test acc =  0.9593 total_test_acc= 0.9583
[ 104.       0.957]
Goal lists====> [  3   5 105  36  88  65  67  11  82  60  33  25 104 102   6  51  30   1
  39  72  95  24  54  93  27  49  21   2  99  37   9  57  10  73  23   4
  97 111  34  45  58  26  53  69  31  42  46  43  41  92  38  59  76  87
  63  13  70  35  62  85  68  18  71  15  29  19  61  66 108  40  90  98
  56  52   8   7  80 110  50  12 100 112 101  16  32  91 113]
Acc=====> 0.9577
length====> 87
choose train acc =  0.9577 total_train_acc= 0.9563
choose test acc =  0.9583 total_test_acc= 0.9583
[ 91.       0.9574]
|episode =  14 |step =  1600 |train acc =  0.9571 |len= 97.0 |reward = 0 |done = False
|episode =  14 |step =  1700 |train acc =  0.9565 |len= 103.0 |reward = 0 |done = False
|episode =  14 |step =  1800 |train acc =  0.9562 |len= 97.0 |reward = 0 |done = False
Goal lists====> [  6  30  72  45  26  41  76  18  40  80 110 112  28  14  55  89   5  52
  19  61  84  75  88  83  33  15  27 103  93  10  53  60 105  92  57  54
 107 102  50  35  90 113  16 106  25  21  44  17  65   8  81  95  94  70
  29  32  37 100  12  98  38  23   9  86  51  24 109  64  74  13  78  91
   2  63  46  97  34  66  68  96 104  69  73  79  67  87 111   3  20  31
   4  36  47  11  49  39  82  99  43  56   7]
Acc=====> 0.9575
length====> 101
choose train acc =  0.9575 total_train_acc= 0.9563
choose test acc =  0.9587 total_test_acc= 0.9583
[ 103.        0.9572]
|episode =  15 |step =  1900 |train acc =  0.9555 |len= 93.0 |reward = 0 |done = False
|episode =  15 |step =  2000 |train acc =  0.9567 |len= 83.0 |reward = 0 |done = False
Goal lists====> [  6  18 112  15  94  12  23  86 109  64  74   2  63 104 113  66  59  13
  32  27  43  97  56  52  50  21   1  61  37  10  84  96  51  79  35  88
  19  29  73  28  31   4  67   3  65  76 103  90 111 105   9  69  41  30
  26   8  40  92  24  53  81  87  91 108  95  58  82  62  85  25  46]
Acc=====> 0.9578
length====> 71
choose train acc =  0.9578 total_train_acc= 0.9563
choose test acc =  0.9576 total_test_acc= 0.9583
[ 74.       0.9564]
|episode =  16 |step =  2100 |train acc =  0.9552 |len= 93.0 |reward = 0 |done = False

target_params_replaced

|episode =  16 |step =  2200 |train acc =  0.9562 |len= 69.0 |reward = 0 |done = False
|episode =  16 |step =  2300 |train acc =  0.956 |len= 95.0 |reward = 0 |done = False
|episode =  16 |step =  2400 |train acc =  0.9563 |len= 91.0 |reward = 0 |done = False
Goal lists====> [ 21  28  31  91 110  87  11  47  22   1  98  95  42  93 109  99  83  92
 103  53  37 104  49  76   7  24  35   4 106  54 100  59  73  44  30  66
  27  69  34   2  82 107   8  64  90 102  86   9 108 112  60  55  63  61
  19  70  10  77  25  38  75  80  81  41  12  62  94  97  88  16  14  20
  74  45  84  57   3  17  39  71  48  46  96   6  36  72  56  68 105  18
  26]
Acc=====> 0.9576
length====> 91
choose train acc =  0.9576 total_train_acc= 0.9563
choose test acc =  0.959 total_test_acc= 0.9583
[ 93.       0.9577]
Goal lists====> [ 21  28  31  91 110  87  11  47  22   1  98  95  42  93 109  99  83  92
 103  53  37 104  49  76   7  24  35   4 106  54 100  59  73  44  30  66
  27  69   2  82 107   8  64  90 102  86   9 108 112  60  55  63  61  19
  70  10  77  25  38  75  80  81  41  12  62  94  97  88  16  14  20  74
  45  84  57   3  17  39  71  48  46  96   6  36  72  56  68 105  18  26
  65  52  23]
Acc=====> 0.9578
length====> 93
choose train acc =  0.9578 total_train_acc= 0.9563
choose test acc =  0.9588 total_test_acc= 0.9583
[ 96.      0.957]
Goal lists====> [ 21  28  31  91 110  87  11  47  22   1  98  95  42  93 109  99  83  92
 103  53  37 104  49  76   7  24  35   4 106  54 100  59  73  44  30  66
  27  69   2  82 107   8  64  90 102  86   9 108 112  60  55  63  61  19
  10  77  25  38  75  80  81  41  12  62  94  97  88  16  14  20  74  45
  84  57   3  17  39  71  48  46  96   6  36  72  56  68 105  18  26  65
  52  23  89  32  50  15  43]
Acc=====> 0.9575
length====> 97
choose train acc =  0.9575 total_train_acc= 0.9563
choose test acc =  0.9585 total_test_acc= 0.9583
[ 99.       0.9576]
Goal lists====> [ 21  28  31  91 110  87  11  47  22   1  98  95  42  93 109  99  83  92
 103  53  37 104  49  76   7  24  35   4 106  54 100  59  73  44  30  66
  27  69   2  82 107   8  64  90 102  86   9 108 112  60  55  63  61  19
  10  77  25  38  75  80  81  41  12  62  94  97  88  16  14  20  74  45
  84  57   3  17  39  71  48  46  96   6  36  72  56  68 105  18  26  65
  52  23  89  32  50  15  43  13  34]
Acc=====> 0.9576
length====> 99
choose train acc =  0.9576 total_train_acc= 0.9563
choose test acc =  0.9586 total_test_acc= 0.9583
[ 100.        0.9577]
|episode =  20 |step =  2500 |train acc =  0.9561 |len= 97.0 |reward = 0 |done = False
|episode =  20 |step =  2600 |train acc =  0.9561 |len= 89.0 |reward = 0 |done = False
|episode =  20 |step =  2700 |train acc =  0.9556 |len= 91.0 |reward = 0 |done = False
|episode =  20 |step =  2800 |train acc =  0.956 |len= 73.0 |reward = 0 |done = False
|episode =  20 |step =  2900 |train acc =  0.9557 |len= 73.0 |reward = 0 |done = False
|episode =  20 |step =  3000 |train acc =  0.9571 |len= 95.0 |reward = 0 |done = False
Goal lists====> [ 10  65  81  16  40  27  63  39  71  67  42  36  23  75 105  12  45  19
  24  33  30 102   5  32  70  58   8   7  69 101  55 108  96  85  17  31
 107  95 113  99 100  52  29  21   1  78 112  87  11  89  41  25  80  57
  18  82  66  26   6  37  46  84  49 103   2  94  54  53  61   9 110]
Acc=====> 0.9575
length====> 71
choose train acc =  0.9575 total_train_acc= 0.9563
choose test acc =  0.9579 total_test_acc= 0.9583
[ 75.       0.9575]
|episode =  21 |step =  3100 |train acc =  0.9565 |len= 93.0 |reward = 0 |done = False

target_params_replaced

|episode =  21 |step =  3200 |train acc =  0.9562 |len= 87.0 |reward = 0 |done = False
Goal lists====> [ 10  40  39  23  12  24 102 101  52  25  80  37  46  54  53  61   9  68
  75  90  22  26  28  60  14  35  89  94  78 104  96  79  62 110 111  36
  73  45  88  92   3  44  58  82  72  65  87  81  15  85 112  76  55   2
 113  63  99 103  64  56  30  41   6  34  20  91  86  21  42  29  18  93
  66  50 105  47   5  74  77  84  69  38  67  16 106 100  95  13  11  17
  51 108  57 109  43   4 107]
Acc=====> 0.9575
length====> 97
choose train acc =  0.9575 total_train_acc= 0.9563
choose test acc =  0.9589 total_test_acc= 0.9583
[ 98.       0.9575]
Goal lists====> [ 10  40  39  23  12  24 102 101  52  25  80  37  46  54  53  61   9  68
  75  90  22  26  28  60  14  35  89  94  78 104  96  79  62 110 111  36
  73  45  88  92   3  44  58  82  72  65  87  81  15  85 112  76  55   2
 113  63  99 103  64  56  30  41   6  34  20  91  86  21  42  29  18  93
  66  50  47   5  74  77  84  38  67  16 106 100  95  13  11  17  51 108
  57 109  43   4 107  49  27]
Acc=====> 0.9576
length====> 97
choose train acc =  0.9576 total_train_acc= 0.9563
choose test acc =  0.959 total_test_acc= 0.9583
[ 98.       0.9575]
Goal lists====> [ 10  40  39  23  12  24 102 101  52  25  80  37  46  54  53  61   9  68
  75  90  22  26  28  60  14  89  94  78 104  96  79  62 110 111  36  73
  45  88  92   3  44  58  82  72  65  87  81  15  85 112  76  55   2 113
  63  99 103  64  56  30  41   6  34  20  91  21  42  29  18  93  66  50
  47   5  74  77  84  38  67  16 106 100  13  11  17  51 108  57 109  43
   4 107  49  27 105]
Acc=====> 0.9577
length====> 95
choose train acc =  0.9577 total_train_acc= 0.9563
choose test acc =  0.9589 total_test_acc= 0.9583
[ 98.       0.9577]
Goal lists====> [ 10  40  39  23  12  24 102 101  52  25  80  37  46  54  53  61   9  68
  75  90  22  26  28  60  14  89  94  78 104  96  79  62 110 111  36  73
  45  88  92   3  44  58  82  72  65  87  81  15  85 112  76  55   2 113
  63  99 103  64  56  30  41   6  34  20  91  21  42  29  18  93  66  50
  47   5  74  77  84  38  67  16 106 100  13  11  17  51  57 109   4 107
  49  27 105  97  71  86  69]
Acc=====> 0.9578
length====> 97
choose train acc =  0.9578 total_train_acc= 0.9563
choose test acc =  0.9586 total_test_acc= 0.9583
[ 99.       0.9577]
Goal lists====> [ 10  40  39  23  24 102 101  52  25  80  37  46  54  53  61   9  68  75
  90  22  26  28  60  14  89  94  78 104  96  79  62 110 111  36  73  45
  88  92   3  44  58  82  72  65  87  81  15  85 112  76  55   2 113  63
  99 103  64  56  30  41   6  34  20  91  21  42  29  18  93  66  50  47
   5  74  77  84  38  67  16 106 100  13  11  17  57 109   4 107  49  27
 105  97  71  86  69  43   7]
Acc=====> 0.9578
length====> 97
choose train acc =  0.9578 total_train_acc= 0.9563
choose test acc =  0.9584 total_test_acc= 0.9583
[ 97.       0.9578]
Goal lists====> [ 10  40  39  23  24 102 101  52  25  80  37  46  54  53  61   9  68  75
  90  22  26  28  60  14  89  94  78 104  96  79  62 110 111  36  73  45
  88  92   3  44  58  82  72  65  87  81  15  85 112  76  55   2 113  63
  99 103  64  56  30  41   6  34  20  91  21  42  29  18  93  66  50  47
   5  74  77  84  38  67  16 106 100  13  11  17  57 109   4 107  49  27
 105  97  71  86  69  43   7]
Acc=====> 0.9578
length====> 97
choose train acc =  0.9578 total_train_acc= 0.9563
choose test acc =  0.9584 total_test_acc= 0.9583
[ 101.        0.9577]
Goal lists====> [ 10  40  39  23  24 102 101  52  25  80  37  46  54  53  61   9  75  22
  26  28  60  14  89  94 104  79  62 110 111  36  73  45  88  92   3  44
  82  72  65  87  15  85 112  76   2 113  63  99 103  56  30  41   6  34
  20  91  21  42  18  93  66  50  47   5  74  77  84  38  67  16 106 100
  13  11  17  57   4 107  49  27 105  97  71  86  69  43   7  12  48  32
  33  58  31]
Acc=====> 0.9575
length====> 93
choose train acc =  0.9575 total_train_acc= 0.9563
choose test acc =  0.9583 total_test_acc= 0.9583
[ 97.      0.957]
Goal lists====> [ 10  40  39  23  24 102 101  52  25  80  37  46  54  53  61   9  75  22
  26  28  60  14  89  94 104  79  62 110  36  73  45  88  92   3  82  72
  65  87  15  85 112  76   2 113  63  99 103  56  30  41   6  20  91  21
  42  18  66  50  47   5  74  77  84  38  16 106 100  13  11  17  57   4
 107  49  27 105  97  71  86  69  43   7  12  48  32  33  31  95  96   1
  29  68  81]
Acc=====> 0.9575
length====> 93
choose train acc =  0.9575 total_train_acc= 0.9563
choose test acc =  0.9585 total_test_acc= 0.9583
[ 95.       0.9574]
|episode =  29 |step =  3300 |train acc =  0.9566 |len= 91.0 |reward = 0 |done = False
|episode =  29 |step =  3400 |train acc =  0.9558 |len= 89.0 |reward = 0 |done = False
|episode =  29 |step =  3500 |train acc =  0.9569 |len= 101.0 |reward = 0 |done = False
Goal lists====> [ 37  53 104  36  88  65  76   6  50  69  48  31  68  81  67  51  58  35
  87 106  45  60  78  10  70  79  52 110  98  30  41  61  22  66   4 100
  13  84 111  40   9  27  32  44  86  55  28  73 102  49  46   1  63  18
  89  92  59 109  99   2   5  43 103  57  19  64  80  14  74 107  12  16
  94  24  96  11  90  91 108 113  54  85  17  29   3  95  83  38  82  25
  77 112  34  75  42  21  26  97  62]
Acc=====> 0.9575
length====> 99
choose train acc =  0.9575 total_train_acc= 0.9563
choose test acc =  0.9591 total_test_acc= 0.9583
[ 101.        0.9569]
|episode =  30 |step =  3600 |train acc =  0.9561 |len= 99.0 |reward = 0 |done = False
|episode =  30 |step =  3700 |train acc =  0.9563 |len= 91.0 |reward = 0 |done = False
Goal lists====> [ 48  31  67  51  87  52  30  41  22  66 100  84  40   9  86  55  73  49
  59   5  19  80  74  12  16  24  96  90  91  29   3  83  38  25  77  63
  94  98  71 109  11  14  27  76  54  56  39  79  13  58  23  72 113  60
  69 107  44  46  42  35 101 112  26  81 106  15   6  92  88  53 105  17
  78 103  18  32  33  65  85  50  95   7  97  45  43  89   2  68  64  34
  21 102  10  62  93  57  61 104 108]
Acc=====> 0.9575
length====> 99
choose train acc =  0.9575 total_train_acc= 0.9563
choose test acc =  0.9585 total_test_acc= 0.9583
[ 99.       0.9575]
Goal lists====> [ 48  31  67  51  87  52  30  41  22  66 100  84  40   9  86  55  73  49
  59   5  19  80  74  12  16  24  96  90  91  29   3  83  38  25  77  63
  94  98  71 109  11  14  27  76  54  56  39  79  13  58  23  72 113  60
  69 107  44  46  42  35 101 112  26  81 106  15   6  92  88  53 105  17
  78 103  18  32  33  65  85  50  95   7  97  45  43  89   2  68  64  34
  21 102  10  62  93  57  61 104 108]
Acc=====> 0.9575
length====> 99
choose train acc =  0.9575 total_train_acc= 0.9563
choose test acc =  0.9585 total_test_acc= 0.9583
[ 100.       0.957]
|episode =  32 |step =  3800 |train acc =  0.9565 |len= 93.0 |reward = 0 |done = False
|episode =  32 |step =  3900 |train acc =  0.9554 |len= 99.0 |reward = 0 |done = False
|episode =  32 |step =  4000 |train acc =  0.9565 |len= 101.0 |reward = 0 |done = False
Goal lists====> [ 31  66  73  49  16  29  39  60  26 106  88 105  97  89  64  62  57  80
 110  96  94  92 100  84  25  18   5  63  68  74  65  69  19  13  37  70
  75   3  27 109  79  15  46  54  78  59  20  72   4  41  14  82  38  83
  98   7  76  45   9  21  30  58  24  33  40  77  56   2  28  44  42  90
  17  86  10  51  95  23  87 113   6  99  32 104  12  93 103 101 102 108
  55  52  47  91  11 112  50  53   8  67  61  36  71]
Acc=====> 0.9575
length====> 103
choose train acc =  0.9575 total_train_acc= 0.9563
choose test acc =  0.9583 total_test_acc= 0.9583
[ 106.       0.957]
|episode =  33 |step =  4100 |train acc =  0.9573 |len= 103.0 |reward = 0 |done = False

target_params_replaced

|episode =  33 |step =  4200 |train acc =  0.956 |len= 103.0 |reward = 0 |done = False
Goal lists====> [ 66  29  26 106  88  92  69  75   3  27  20  72  41  14  82  83   9  21
  40  90  17  86   6 104  12 103 101  55  52  91  11 112  53   8  67  71
  85  28  78  77 102  31 100  22  48  49  63  96  15   4  34  87   5  45
  44  94  16  23 111  61  64  36  32   2  73  68  65  76  39  74  18  35
 110  89 113  70  33  13  46  80  24  38  50  30  84  59  99  58 105  60
  62  95  93  54 108 109  57  98  43  51 107]
Acc=====> 0.9575
length====> 101
choose train acc =  0.9575 total_train_acc= 0.9563
choose test acc =  0.9591 total_test_acc= 0.9583
[ 101.        0.9575]
Goal lists====> [ 66  29  26 106  88  92  69  75   3  27  20  72  41  14  82  83   9  21
  40  90  17  86   6 104  12 103 101  55  52  91  11 112  53   8  67  71
  85  28  78  77 102  31 100  22  48  49  63  96  15   4  34  87   5  45
  44  94  16  23 111  61  64  36  32   2  73  68  65  76  39  74  18  35
 110  89 113  70  33  13  46  80  24  38  50  30  84  59  99  58 105  60
  62  95  93  54 108 109  57  98  43  51 107]
Acc=====> 0.9575
length====> 101
choose train acc =  0.9575 total_train_acc= 0.9563
choose test acc =  0.9591 total_test_acc= 0.9583
[ 102.        0.9575]
|episode =  35 |step =  4300 |train acc =  0.9564 |len= 103.0 |reward = 0 |done = False
|episode =  35 |step =  4400 |train acc =  0.9561 |len= 107.0 |reward = 0 |done = False
|episode =  35 |step =  4500 |train acc =  0.956 |len= 105.0 |reward = 0 |done = False
|episode =  35 |step =  4600 |train acc =  0.9561 |len= 111.0 |reward = 0 |done = False
|episode =  35 |step =  4700 |train acc =  0.9561 |len= 105.0 |reward = 0 |done = False
|episode =  35 |step =  4800 |train acc =  0.9558 |len= 105.0 |reward = 0 |done = False
|episode =  35 |step =  4900 |train acc =  0.9561 |len= 111.0 |reward = 0 |done = False
|episode =  35 |step =  5000 |train acc =  0.9562 |len= 99.0 |reward = 0 |done = False
|episode =  35 |step =  5100 |train acc =  0.9563 |len= 99.0 |reward = 0 |done = False

target_params_replaced

|episode =  35 |step =  5200 |train acc =  0.9563 |len= 101.0 |reward = 0 |done = False
|episode =  35 |step =  5300 |train acc =  0.9566 |len= 109.0 |reward = 0 |done = False
|episode =  35 |step =  5400 |train acc =  0.9562 |len= 101.0 |reward = 0 |done = False
Goal lists====> [  3  83   1  20 107  82  79  78  18 103  15  59  91  24  75  89  43  19
  32  73  98   6 104  37 101  80 100  56  50  27  51  65  42  69  92  30
  60  38  90   9  85  72  94  22  67  64  55  33  47   4  12  63   5  62
  52  68  99  48 113   2 109  61  31  95  26  11  71   7 110  10 108  49
  74  25 106  58  46  93 112  28  16  97  84  29  44  34  41 102  57  88
  45  66  21  86   8 105  53  76  39  96  36  54  17]
Acc=====> 0.9576
length====> 103
choose train acc =  0.9576 total_train_acc= 0.9563
choose test acc =  0.959 total_test_acc= 0.9583
[ 104.        0.9575]
|episode =  36 |step =  5500 |train acc =  0.9556 |len= 105.0 |reward = 0 |done = False
|episode =  36 |step =  5600 |train acc =  0.9561 |len= 99.0 |reward = 0 |done = False
|episode =  36 |step =  5700 |train acc =  0.9569 |len= 107.0 |reward = 0 |done = False
Goal lists====> [ 83   1  82  18  59  89  43  73 101  56  50  42  60  38  90  64  62  48
 113   2  61  95  26   7 108  74 106  58  28  41  88  66   8  96  54  13
  63  77  25  87   4  14  23  44  49  36  46  57 102  55  34  85  98  71
  40  84  92  51  32  24   9  81  65  93  99  30  91  11  86  15  67  31
  21  20  37  47 104  29  70   3  17  19   6  39  53  22  27  10  68 109
 110  33  78  80  16  52  35  75 105  97  12  76  94]
Acc=====> 0.9576
length====> 103
choose train acc =  0.9576 total_train_acc= 0.9563
choose test acc =  0.959 total_test_acc= 0.9583
[ 104.       0.957]
|episode =  37 |step =  5800 |train acc =  0.9571 |len= 93.0 |reward = 0 |done = False
Goal lists====> [ 82  18  89  43  50  60  38  90  62  48 113  61  58  28  88   8  63  77
   4  23  44  49  36  46  57 102  34  85  98  40  51  24   9  81  65  99
  30  91  11  47 104  70   3  17  19  22  27  68 110  78  80  52  35  12
  76  79 100   5  96  45  20 112  69 103 111  33  71  54 109 107  83  16
 106  95  21  13  41   1  10  39  26  53  87  94  86 105  14  66   6  42
  32  97  64   7  37  29  15]
Acc=====> 0.9577
length====> 97
choose train acc =  0.9577 total_train_acc= 0.9563
choose test acc =  0.9595 total_test_acc= 0.9583
[ 98.       0.9574]
Goal lists====> [ 82  18  89  43  50  60  38  90  62  48 113  61  58  28  88   8  63  77
   4  23  44  49  36  46  57 102  34  85  98  40  24   9  81  65  99  30
  91  11  47 104  70   3  17  19  22  27  68 110  78  80  52  35  12  76
  79 100   5  96  45  20 112  69 103  33  71  54 109 107  83  16 106  95
  21  13  41   1  10  39  26  87  94  86 105  14  66   6  42  32  97  64
   7  37  29  15  93]
Acc=====> 0.9577
length====> 95
choose train acc =  0.9577 total_train_acc= 0.9563
choose test acc =  0.9595 total_test_acc= 0.9583
[ 96.       0.9569]
Goal lists====> [ 18  89  43  50  60  38  90  62  48  61  58  28  88   8  63   4  23  44
  49  36  46  57 102  34  85  98  40  24   9  81  65  99  30  91  11  47
 104  70   3  17  22  27  68 110  78  80  52  35  76  79 100   5  96  45
 112  69 103  33  71  54 109 107  83  16 106  95  21  13  41   1  10  39
  26  87  94  86 105  14  66   6  42  32  97  64   7  37  29  15  93  74
  82  84  92  73  75  31 108]
Acc=====> 0.9576
length====> 97
choose train acc =  0.9576 total_train_acc= 0.9563
choose test acc =  0.9584 total_test_acc= 0.9583
[ 98.       0.9572]
Goal lists====> [ 18  89  43  50  60  38  90  62  48  61  58  28  88  63   4  23  44  49
  36  46  57 102  85  98  40  24   9  81  65  99  30  91  11  47 104  70
   3  17  22  27  68 110  78  80  52  35  76  79 100   5  45 112  69 103
  33  71  54 109 107  83  16  95  21  41   1  10  39  26  87  94  86 105
  14  66   6  42  32  97  64   7  37  15  93  74  82  84  92  73  75  31
 108  55  19  20  96 113  59  53  56]
Acc=====> 0.9576
length====> 99
choose train acc =  0.9576 total_train_acc= 0.9563
choose test acc =  0.959 total_test_acc= 0.9583
[ 101.        0.9572]
|episode =  41 |step =  5900 |train acc =  0.9554 |len= 101.0 |reward = 0 |done = False
Goal lists====> [ 43  50  38  48  61  49  36  57 102  85  98   9  81  65  99  91  11  47
   3  22  68 110  78  80  52  76  69  33  54 109  83  16  39  26  87  94
  86 105   6  32   7  15  73  75  31 108  55  19  20  96 113  59  51  77
  13  27  40  72 106  74  29  18  30  12  28   2  25 100  58  70   5  79
 107  24  67  21  93  95 103  66  60  35  82  64 104  63  53 101  23  92
  45  88  42  56  90]
Acc=====> 0.9577
length====> 95
choose train acc =  0.9577 total_train_acc= 0.9563
choose test acc =  0.9587 total_test_acc= 0.9583
[ 98.       0.9564]
|episode =  42 |step =  6000 |train acc =  0.9562 |len= 101.0 |reward = 0 |done = False
|episode =  42 |step =  6100 |train acc =  0.9569 |len= 103.0 |reward = 0 |done = False
Goal lists====> [ 43  48 102  81  65  91  47   3  22  68 110  52  69  33 109  94 105   6
  32  73  75 108  55  96 113  51  27  40  18  30  12  28  58  79  67  21
  93  66  53  92  90 111   4  44  46  62 112  97  14  20  60  86  84   1
  98  19  54  16  71  10  29  24  36  95  74  25  37  42  99  31  15   7
   2  34  57  80   8  45 104  11  88  77  87  82  56  70  64  61  49 103
  23  17  50 100  39 107  72  63  26  76  38  89   9]
Acc=====> 0.9576
length====> 103
choose train acc =  0.9576 total_train_acc= 0.9563
choose test acc =  0.959 total_test_acc= 0.9583
[ 103.        0.9576]
Goal lists====> [ 43  48 102  81  65  91  47  22  68 110  69  33 109  94 105   6  32  73
  75  55  96 113  40  18  30  12  28  58  67  21  66  53  92  90 111   4
  44  62 112  14  20  60  86  84   1  98  19  54  16  71  10  29  24  36
  95  74  25  37  42  99  31  15   7   2  34  57  80   8  45 104  11  88
  77  87  82  56  70  64  49 103  23  17  50 100  39 107  72  63  26  76
  38   9  35]
Acc=====> 0.9575
length====> 93
choose train acc =  0.9575 total_train_acc= 0.9563
choose test acc =  0.9593 total_test_acc= 0.9583
[ 94.       0.9568]

target_params_replaced

|episode =  44 |step =  6200 |train acc =  0.9566 |len= 99.0 |reward = 0 |done = False
|episode =  44 |step =  6300 |train acc =  0.956 |len= 101.0 |reward = 0 |done = False
|episode =  44 |step =  6400 |train acc =  0.9569 |len= 105.0 |reward = 0 |done = False
Goal lists====> [109   6  73  92  20  84  16  24  36  74  87  70  63 108  43  66  97   3
 105   2  93  57  89  34  98  49  99  55  54  47  18 113  75  52  19  88
  30  46 107  79  78 100  85  50  48   9  68  41  61  17  29  14  27  82
  59  65  72  10  83 104  28   8  35 106  80  45 103  26 110  12  25  31
 101  21  94  39  11  76  15  58  60   5  13  53  71  77  33  44  56  67
   1  51  42  32  40  96  90  38  23  22   4 102  64]
Acc=====> 0.9575
length====> 103
choose train acc =  0.9575 total_train_acc= 0.9563
choose test acc =  0.9585 total_test_acc= 0.9583
[ 105.        0.9573]
Goal lists====> [109  73  92  20  84  16  24  36  74  87  70  63 108  43  66  97   3 105
   2  93  57  89  34  98  49  99  55  54  18 113  75  52  19  88  30  46
 107  79  78 100  85  50  48   9  68  41  61  17  29  27  82  59  72  10
  83 104  28   8  35 106  80  45 103  26 110  12  25  31 101  21  94  39
  11  76  15  58  60   5  13  71  77  33  44  56  67   1  51  42  32  40
  96  90  38  23  22   4 102  64 111  95  81  91  62 112  69  47  53]
Acc=====> 0.9579
length====> 107
choose train acc =  0.9579 total_train_acc= 0.9563
choose test acc =  0.9593 total_test_acc= 0.9583
[ 107.        0.9579]
Goal lists====> [109  73  92  20  84  16  24  36  74  87  70  63 108  43  66  97   3 105
   2  93  57  89  34  98  49  99  55  54  18 113  75  52  19  88  30  46
 107  79  78 100  85  50  48   9  68  41  61  17  29  27  82  59  72  10
  83 104  28   8  35 106  80  45 103  26 110  12  25  31 101  21  94  39
  11  76  15  58  60   5  13  71  77  33  44  56  67   1  51  42  32  40
  96  90  38  23  22   4 102  64 111  95  81  91  62 112  69  47  53]
Acc=====> 0.9579
length====> 107
choose train acc =  0.9579 total_train_acc= 0.9563
choose test acc =  0.9593 total_test_acc= 0.9583
[ 107.        0.9579]
Goal lists====> [109  73  92  20  84  16  24  36  74  87  70  63 108  43  66  97   3 105
   2  93  57  89  34  98  49  99  55  54  18 113  75  52  19  88  30  46
 107  79  78 100  85  50  48   9  68  41  61  17  29  27  82  59  72  10
  83 104  28   8  35 106  80  45 103  26 110  12  25  31 101  21  94  39
  11  76  15  58  60   5  13  71  77  33  44  56  67   1  51  42  32  40
  96  90  38  23  22   4 102  64 111  95  81  91  62 112  69  47  53]
Acc=====> 0.9579
length====> 107
choose train acc =  0.9579 total_train_acc= 0.9563
choose test acc =  0.9593 total_test_acc= 0.9583
[ 107.        0.9579]
Goal lists====> [109  73  92  20  84  16  24  36  74  87  70  63 108  43  66  97   3 105
   2  93  57  89  34  98  49  99  55  54 113  75  52  19  88  30  46 107
  79  78 100  85  50  48   9  68  41  61  17  29  27  82  59  72  10  83
 104  28   8  35 106  80  45 103  26 110  12  25  31 101  21  94  39  11
  76  15  58  60   5  13  71  77  33  44  56  67   1  51  42  32  40  96
  90  38  23  22   4 102  64 111  95  81  91  62 112  69  47  53  14]
Acc=====> 0.9577
length====> 107
choose train acc =  0.9577 total_train_acc= 0.9563
choose test acc =  0.9593 total_test_acc= 0.9583
[ 109.        0.9572]
|episode =  49 |step =  6500 |train acc =  0.955 |len= 101.0 |reward = 0 |done = False
|episode =  49 |step =  6600 |train acc =  0.9558 |len= 95.0 |reward = 0 |done = False
|episode =  49 |step =  6700 |train acc =  0.9563 |len= 109.0 |reward = 0 |done = False
|episode =  49 |step =  6800 |train acc =  0.9564 |len= 99.0 |reward = 0 |done = False
|episode =  49 |step =  6900 |train acc =  0.956 |len= 107.0 |reward = 0 |done = False
|episode =  49 |step =  7000 |train acc =  0.9562 |len= 83.0 |reward = 0 |done = False

target_params_replaced

|episode =  49 |step =  7100 |train acc =  0.9563 |len= 101.0 |reward = 0 |done = False
|episode =  49 |step =  7200 |train acc =  0.9567 |len= 101.0 |reward = 0 |done = False
|episode =  49 |step =  7300 |train acc =  0.9567 |len= 99.0 |reward = 0 |done = False
Goal lists====> [111  18  73  57  37  52 108  91  83  17  40  34 105  42  67   7 103  99
  54  77  65  47  96  16  97  39  61  49  84  53  51  26  23  22  56   9
  72  76  88  78  68   8  30  64  92  28  38  11  94  69  81   6  75  48
  50  27  43 107  95  12  36  60  58  66  33  93   4  82 110  85  25   2
  41  79  87 104 100 109 106  24 113  44  35  63  70 112  13  20  46   1
  71  59 101 102  10  45  21  14  89  74  80  98  19]
Acc=====> 0.9575
length====> 103
choose train acc =  0.9575 total_train_acc= 0.9563
choose test acc =  0.9583 total_test_acc= 0.9583
[ 103.        0.9575]
Goal lists====> [111  18  73  57  37  52 108  91  83  17  40  34 105  42  67   7 103  99
  54  77  65  47  96  16  97  39  61  49  84  53  51  26  23  22  56   9
  72  76  88  78  68   8  30  64  92  28  38  11  94  69  81   6  75  48
  50  27  43 107  95  12  36  60  58  66  33  93   4  82 110  85  25   2
  41  79  87 104 100 109 106  24 113  44  35  63  70 112  13  20  46   1
  71  59 101 102  10  45  21  14  89  74  80  98  19]
Acc=====> 0.9575
length====> 103
choose train acc =  0.9575 total_train_acc= 0.9563
choose test acc =  0.9583 total_test_acc= 0.9583
[ 104.        0.9568]
|episode =  51 |step =  7400 |train acc =  0.9567 |len= 105.0 |reward = 0 |done = False
Goal lists====> [111  18  57  37  52 108  91  83  17  40  34 105  42   7 103  99  54  77
  47  96  16  97  39  61  49  84  53  26  23  22  56   9  72  76  88  78
  68   8  30  64  92  38  11  94  69  81  75  48  50  27  43 107  95  12
  36  60  58  66  33  93   4  82 110  85   2  79  87 104 100 106  24 113
  44  35  63  70 112  13  20  46  71  59 101 102  10  45  14  89  74  80
  98  19  15  73  29   3  25  90   5  31  55  28  21   6 109  51  41]
Acc=====> 0.9575
length====> 107
choose train acc =  0.9575 total_train_acc= 0.9563
choose test acc =  0.9589 total_test_acc= 0.9583
[ 108.        0.9571]
|episode =  52 |step =  7500 |train acc =  0.9559 |len= 91.0 |reward = 0 |done = False
|episode =  52 |step =  7600 |train acc =  0.9569 |len= 101.0 |reward = 0 |done = False
|episode =  52 |step =  7700 |train acc =  0.9568 |len= 95.0 |reward = 0 |done = False
|episode =  52 |step =  7800 |train acc =  0.956 |len= 97.0 |reward = 0 |done = False
|episode =  52 |step =  7900 |train acc =  0.9571 |len= 109.0 |reward = 0 |done = False
|episode =  52 |step =  8000 |train acc =  0.9563 |len= 105.0 |reward = 0 |done = False

target_params_replaced

|episode =  52 |step =  8100 |train acc =  0.9561 |len= 107.0 |reward = 0 |done = False
|episode =  52 |step =  8200 |train acc =  0.9569 |len= 109.0 |reward = 0 |done = False
|episode =  52 |step =  8300 |train acc =  0.9554 |len= 101.0 |reward = 0 |done = False
|episode =  52 |step =  8400 |train acc =  0.9556 |len= 95.0 |reward = 0 |done = False
|episode =  52 |step =  8500 |train acc =  0.9566 |len= 95.0 |reward = 0 |done = False
|episode =  52 |step =  8600 |train acc =  0.9569 |len= 105.0 |reward = 0 |done = False
Goal lists====> [ 55  41  15  60  23  40  98  85   1 109  69  16  20  97  17  82  54  75
 100  83  66 102  50  73  59 110  80  13  47  76  45  89  12   9   4  52
  34  67 112  39  36  77 106  37  31  28  96  57   2  63  46 113  72  93
  18  88  48 103  56  29  84   3  25  35  53  71  27  99  33  58  61 105
  21  94  95  19  79  43  65  22   7  49  68 101  44  87 107  64  10  14
 104  32  26]
Acc=====> 0.9575
length====> 93
choose train acc =  0.9575 total_train_acc= 0.9563
choose test acc =  0.9583 total_test_acc= 0.9583
[ 95.       0.9575]
|episode =  53 |step =  8700 |train acc =  0.9558 |len= 95.0 |reward = 0 |done = False
|episode =  53 |step =  8800 |train acc =  0.9551 |len= 101.0 |reward = 0 |done = False
|episode =  53 |step =  8900 |train acc =  0.9564 |len= 101.0 |reward = 0 |done = False
Goal lists====> [ 97  73  36  63  88  25  58  49   6  70  78  86 107  30  24  67  21  52
  22  28 109  14 113  79  43  50  93  34 110  96  42  51  66  45 105  98
  12 106  17  29  99 103   1  55   8  35 108  57  92  11  54  95  41  61
 104  74  94  32  69  90  27  75  40  62  33  31  76  20 112  53  81 100
  89  80  13  65  56  59  38  64  82  18  85  44  26  23   9  16  68]
Acc=====> 0.9575
length====> 89
choose train acc =  0.9575 total_train_acc= 0.9563
choose test acc =  0.9593 total_test_acc= 0.9583
[ 90.       0.9572]
Goal lists====> [ 97  73  36  63  88  25  58   6  70  78  86 107  30  24  67  21  52  22
  28 109 113  79  43  50  93  34 110  96  42  51  66  45 105  98  12 106
  17  29  99 103   1  55   8  35 108  57  92  11  54  95  41  61 104  74
  94  32  90  75  40  62  33  31  76  20 112 100  89  80  13  65  56  59
  64  82  18  85  44  23   9  16  68  46  83  72  71  37  10  87  60   5
   4  84  81  48  15  19   2 102  91  47  26  27  53]
Acc=====> 0.9575
length====> 103
choose train acc =  0.9575 total_train_acc= 0.9563
choose test acc =  0.9589 total_test_acc= 0.9583
|episode =  54 |step =  9000 |train acc =  0.9575 |len= 103.0 |reward = 1 |done = True
[ 104.        0.9572]
|episode =  55 |step =  9000 |train acc =  0.9573 |len= 103.0 |reward = 0 |done = False

target_params_replaced

|episode =  55 |step =  9100 |train acc =  0.9564 |len= 101.0 |reward = 0 |done = False
|episode =  55 |step =  9200 |train acc =  0.9569 |len= 99.0 |reward = 0 |done = False
|episode =  55 |step =  9300 |train acc =  0.9565 |len= 107.0 |reward = 0 |done = False
|episode =  55 |step =  9400 |train acc =  0.9559 |len= 97.0 |reward = 0 |done = False
Goal lists====> [ 97  24  28 109  79  50 106  57  54  41  18  16  10   5   4  39  92  51
  69  75 103  35  46  20  77  99 112  58  81  33  64   8  27 105  25  59
  86  90  43  95  52  76  98   7  78  30  70  45  37  48  56 107 102  82
  34  44  83  80  29  21   3  62  67  71  53   2  73  12  66  19  22  40
  65  84  49 113  60  96  36  63  89  55  31   9  88  13  61  11 108  14
 100 101  93 104  87]
Acc=====> 0.9576
length====> 95
choose train acc =  0.9576 total_train_acc= 0.9563
choose test acc =  0.9592 total_test_acc= 0.9583
[ 97.       0.9573]
Goal lists====> [ 97  24  28 109  79  50 106  57  54  41  18  16  10   5   4  39  92  51
  69  75 103  35  46  20  77  99 112  58  81  33  64   8  27 105  25  59
  86  90  43  95  52  76  98   7  78  30  70  45  37  48  56 107 102  82
  34  44  83  80  29  21   3  62  67  71  53   2  73  12  66  19  22  40
  65  84  49 113  60  96  36  63  89  55  31   9  88  13  61  11 108  14
 100 101  93 104  87  17  26  15  47]
Acc=====> 0.9576
length====> 99
choose train acc =  0.9576 total_train_acc= 0.9563
choose test acc =  0.959 total_test_acc= 0.9583
[ 100.       0.957]
|episode =  57 |step =  9500 |train acc =  0.9567 |len= 101.0 |reward = 0 |done = False
|episode =  57 |step =  9600 |train acc =  0.9568 |len= 105.0 |reward = 0 |done = False
|episode =  57 |step =  9700 |train acc =  0.9564 |len= 107.0 |reward = 0 |done = False
|episode =  57 |step =  9800 |train acc =  0.9559 |len= 97.0 |reward = 0 |done = False
|episode =  57 |step =  9900 |train acc =  0.9569 |len= 87.0 |reward = 0 |done = False
Goal lists====> [ 33  30  82  53  49  63  72  52  60 104  28  95  42  81  40  61  27  89
  39 110  68 112   7  74 106  91   6  18   3  12  34  11  70  59  96  58
   2  43  67  36  41  98  80  51  25  45  75  21  44 100  20  46  94  84
 107  24  50 108  99  86 109  16  48 102  65  57 111  29 113  56  77   5
  15  90  35   8  87   4  14  13  55 105  92  73  76  79  38  97  54  47
   9  23  71  22  37  10  19  26  66  17 101  62  88]
Acc=====> 0.9577
length====> 103
choose train acc =  0.9577 total_train_acc= 0.9563
choose test acc =  0.9585 total_test_acc= 0.9583
[ 104.        0.9569]
|episode =  58 |step =  10000 |train acc =  0.9572 |len= 103.0 |reward = 0 |done = False

target_params_replaced

|episode =  58 |step =  10100 |train acc =  0.9564 |len= 93.0 |reward = 0 |done = False
Goal lists====> [ 53  49  63  52 104  28  42  81  40  61  27  39 110  68 112 106   6  18
   3  12  34  70  96   2  36  25  45  75  21  46  94 107  24  50  86 109
  16  48 102  65  57  29  56  77   8   4  14  13 105  76  79  97  47   9
  23  71  22  37  10  19  66  17  62  88  83   1  93  64  67  20   5  92
  31  11  30  84  60  95  35  98   7  44  89  87  33  82  78  55  26  54
  51  80  90  85 108  73 113  38  15  41  58  99  91  59  32]
Acc=====> 0.9575
length====> 105
choose train acc =  0.9575 total_train_acc= 0.9563
choose test acc =  0.9583 total_test_acc= 0.9583
[ 106.        0.9571]
|episode =  59 |step =  10200 |train acc =  0.9571 |len= 103.0 |reward = 0 |done = False
|episode =  59 |step =  10300 |train acc =  0.9557 |len= 101.0 |reward = 0 |done = False
Goal lists====> [106  96   2  25  21  46  94  86 109  16  65  56  77  76  66   1  93  84
  33  54 108  73  15  32 101  72 110  78  41  37  58  59  64  48  30  23
 105 104  91 112  98  70  82  99 111  60  62  45  74   6  10  24 113  97
  71   3  26  57  40  27  63  87  38  28 100  49  75  20   8   9   4  18
  83  61  81  22  11  90  42  88 102  29  35  69  67  51  85  50  14  55
 103  12  39  13  53  80  95]
Acc=====> 0.9577
length====> 97
choose train acc =  0.9577 total_train_acc= 0.9563
choose test acc =  0.9593 total_test_acc= 0.9583
[ 98.       0.9577]
Goal lists====> [106  96   2  25  21  46  94  86 109  16  65  56  77  76  66   1  93  84
  33  54 108  73  15  32 101  72 110  78  41  37  58  59  64  48  30  23
 105 104  91 112  98  70  82  99 111  60  62  45  74   6  10  24 113  97
  71   3  26  57  40  27  63  87  38  28  49  75  20   8   9   4  18  83
  61  81  22  11  90  42  88 102  29  35  69  67  51  85  50  14  55 103
  12  39  13  53  80  95  34]
Acc=====> 0.9578
length====> 97
choose train acc =  0.9578 total_train_acc= 0.9563
choose test acc =  0.959 total_test_acc= 0.9583
[ 97.       0.9578]
Goal lists====> [106  96   2  25  21  46  94  86 109  16  65  56  77  76  66   1  93  84
  33  54 108  73  15  32 101  72 110  78  41  37  58  59  64  48  30  23
 105 104  91 112  98  70  82  99 111  60  62  45  74   6  10  24 113  97
  71   3  26  57  40  27  63  87  38  28  49  75  20   8   9   4  18  83
  61  81  22  11  90  42  88 102  29  35  69  67  51  85  50  14  55 103
  12  39  13  53  80  95  34]
Acc=====> 0.9578
length====> 97
choose train acc =  0.9578 total_train_acc= 0.9563
choose test acc =  0.959 total_test_acc= 0.9583
[ 97.       0.9578]
Goal lists====> [106  96   2  25  21  46  94  86 109  16  65  56  77  76  66   1  93  84
  33  54 108  73  15  32 101  72 110  78  41  37  58  59  64  48  30  23
 105 104  91 112  98  70  82  99 111  60  62  45  74   6  10  24 113  97
  71   3  26  57  40  27  63  87  38  28  49  75  20   8   9   4  18  83
  61  81  22  11  90  42  88 102  29  35  69  67  51  85  50  14  55 103
  12  39  13  53  80  95  34  43  92]
Acc=====> 0.958
length====> 99
choose train acc =  0.958 total_train_acc= 0.9563
choose test acc =  0.959 total_test_acc= 0.9583
[ 103.        0.9576]
Goal lists====> [106  96   2  25  21  46  94  86 109  16  65  56  77  76  66   1  93  84
  33  54 108  73  15  32 101  72 110  78  41  37  58  59  64  48  30  23
 105 104  91 112  98  70  82  99 111  60  62  45  74   6  10  24 113  97
  71   3  26  57  40  27  63  87  38  28  49  75  20   8   9   4  18  83
  61  81  22  11  90  42  88 102  29  35  69  67  51  85  50  14  55 103
  12  39  13  53  80  95  34  43  92  89  36  79  17]
Acc=====> 0.9576
length====> 103
choose train acc =  0.9576 total_train_acc= 0.9563
choose test acc =  0.9586 total_test_acc= 0.9583
[ 103.        0.9576]
Goal lists====> [106  96   2  25  21  46  94  86 109  16  65  56  77  76  66   1  93  84
  33  54 108  73  15  32 101  72 110  78  41  37  58  59  64  48  30  23
 105 104  91 112  98  70  82  99 111  60  62  45  74   6  10  24 113  97
  71   3  26  57  40  27  63  87  38  28  49  75  20   8   9   4  18  83
  61  81  22  11  90  42  88 102  29  35  69  67  51  85  50  14  55 103
  12  39  13  53  80  95  34  43  92  89  36  79  17]
Acc=====> 0.9576
length====> 103
choose train acc =  0.9576 total_train_acc= 0.9563
choose test acc =  0.9586 total_test_acc= 0.9583
[ 104.        0.9577]
|episode =  65 |step =  10400 |train acc =  0.9572 |len= 107.0 |reward = 0 |done = False
|episode =  65 |step =  10500 |train acc =  0.9563 |len= 105.0 |reward = 0 |done = False
|episode =  65 |step =  10600 |train acc =  0.9574 |len= 93.0 |reward = 0 |done = False
Goal lists====> [ 96  94  86 109  77  76  66  84  33 108  73  72 110  41  58  59  64 104
  70 111  74   6  24   3  26  40  63  87  28  75   8   9  81  11  90  88
  69  67  50  53  80  95  43  52  68   5  25  44 102  12  71  21  93  46
  82  49  15  32 107  55  92  14 106  62  39  23  97  91   2 101  36  48
  65  57 112  10  42  29  22   1  35  27  16  18  51   7  45 103  20  54
  78 113  19 100  61  60  47  56  99]
Acc=====> 0.9578
length====> 99
choose train acc =  0.9578 total_train_acc= 0.9563
choose test acc =  0.9594 total_test_acc= 0.9583
[ 100.        0.9567]
Goal lists====> [ 96  94  86 109  76  66  84  33 108  73  72 110  41  58  59  64 104  70
 111  74   6   3  26  40  63  87  28  75   8   9  81  11  90  88  69  67
  50  53  80  95  43  52  68  25  44 102  12  21  93  46  82  49  15  32
 107  55  92  14 106  62  39  23  91   2 101  36  48  65  57 112  10  42
  29  22   1  35  27  16  18  51  45 103  20  54  78 113  19 100  61  60
  47  56  99  83  37  79  89  85   4  38  71]
Acc=====> 0.9575
length====> 101
choose train acc =  0.9575 total_train_acc= 0.9563
choose test acc =  0.9593 total_test_acc= 0.9583
[ 102.        0.9576]
Goal lists====> [ 96  94  86 109  76  66  84  33 108  73  72 110  41  58  59  64 104  70
 111  74   6   3  26  40  63  87  28  75   8   9  81  11  90  88  69  67
  50  53  80  95  43  52  68  25  44 102  12  93  46  82  49  15  32 107
  55  92  14 106  62  39  23  91   2 101  36  48  65  57 112  10  42  29
  22   1  35  27  16  18  51  45 103  20  54  78 113  19 100  61  60  47
  56  99  83  37  79  89  85   4  38  71  98]
Acc=====> 0.9577
length====> 101
choose train acc =  0.9577 total_train_acc= 0.9563
choose test acc =  0.9593 total_test_acc= 0.9583
[ 102.        0.9577]
|episode =  68 |step =  10700 |train acc =  0.9563 |len= 111.0 |reward = 0 |done = False
|episode =  68 |step =  10800 |train acc =  0.9563 |len= 107.0 |reward = 0 |done = False
|episode =  68 |step =  10900 |train acc =  0.9565 |len= 109.0 |reward = 0 |done = False
|episode =  68 |step =  11000 |train acc =  0.9561 |len= 107.0 |reward = 0 |done = False
Goal lists====> [ 94  86  76  84  73 110  41  58  59 104  74   6   3  26  63  87  75   9
  81  11  69  67  50  53  95  43  44  12  93  49  32  92  14  39  91  57
 112  42  27  51  45 103  19  47  99  79   4  38  98  17   7  24  96  31
 105  23  88  56  62  40  36  89  20  35  55  37  65 101  54  72  15  52
  82   1  25  90  13  97  18  16 106  80  22 107  28 113  34  85  77  10
 102  83  48  66  64  71  78 100  60  30 109  29  33  46 108]
Acc=====> 0.9576
length====> 105
choose train acc =  0.9576 total_train_acc= 0.9563
choose test acc =  0.9592 total_test_acc= 0.9583
[ 107.        0.9571]

target_params_replaced

|episode =  69 |step =  11100 |train acc =  0.9559 |len= 95.0 |reward = 0 |done = False
Goal lists====> [ 86  76  73 110  41  58  59  74   3  26  63  75   9  81  11  69  67  50
  53  95  44  12  93  32  14  39  57  42  27  51 103  19  47  99  79  24
  96  31 105  88  56  40  36  89  35  37  65 101  54  15  52  82   1  25
  90  97  18 106  80  22 107  28 113  10 102  83  48  66  64  71  78 109
  29  33  46 108  70   8   5  91  23 111  61   4  45   2  21  98  38  92
  17  13   6  16  77  49 100 112  94 104  43]
Acc=====> 0.9576
length====> 101
choose train acc =  0.9576 total_train_acc= 0.9563
choose test acc =  0.9588 total_test_acc= 0.9583
[ 103.        0.9574]
Goal lists====> [ 86  76  59  74  26  63  75   9  50  53  95  44  93  32  14  39  57  42
  27  51 103  19  99  31 105  88  56  40  36  89  35  37 101  54  15  82
   1  25  90  97 106  80  22 107  28 113 102  83  48  66  64  71  78 109
  29  33  46  70   8  91 111  61   4   2  21  38  92  17  13   6  16  49
 100 112  94  87  62  85  34  84  55 110  96  41   3  52  11  24  60  73
 104  81  43  67  65]
Acc=====> 0.958
length====> 95
choose train acc =  0.958 total_train_acc= 0.9563
choose test acc =  0.9604 total_test_acc= 0.9583
[ 99.       0.9573]
|episode =  71 |step =  11200 |train acc =  0.9568 |len= 105.0 |reward = 0 |done = False
Goal lists====> [ 86  76  59  26  63  75   9  50  53  32  14  39  57  27  51 103  19  99
  31 105  88  56  40  36  89  37 101  54  15  82  25  90  97 106  80  22
 107  28 113 102  83  64  71  78 109  29  33  70   8  91  61   4   2  21
  38  92  13   6  16  49 100 112  94  87  62  85  34  55 110  96  41   3
  52  11  24  60  73 104  81  43  67  65  20  30  77  23 108  12  72  69
  10  95  48  68  46  93 111   5  18  44   7  66  35  79  74]
Acc=====> 0.9576
length====> 105
choose train acc =  0.9576 total_train_acc= 0.9563
choose test acc =  0.9584 total_test_acc= 0.9583
[ 105.        0.9576]
Goal lists====> [ 86  76  59  26  63  75   9  50  53  32  14  39  57  27  51 103  19  99
  31 105  88  56  40  36  89  37 101  54  15  82  25  90  97 106  80  22
 107  28 113 102  83  64  71  78 109  29  33  70   8  91  61   4   2  21
  38  92  13   6  16  49 100 112  94  87  62  85  34  55 110  96  41   3
  52  11  24  60  73 104  81  43  67  65  20  30  77  23 108  12  72  69
  10  95  48  68  46  93 111   5  18  44   7  66  35  79  74]
Acc=====> 0.9576
length====> 105
choose train acc =  0.9576 total_train_acc= 0.9563
choose test acc =  0.9584 total_test_acc= 0.9583
[ 105.        0.9576]
Goal lists====> [ 86  76  59  26  63  75   9  50  53  32  14  39  57  27  51 103  19  99
  31 105  88  56  40  36  89  37 101  54  15  82  25  90  97 106  80  22
 107  28 113 102  83  64  71  78 109  29  33  70   8  91  61   4   2  21
  38  92  13   6  16  49 100 112  94  87  62  85  34  55 110  96  41   3
  52  11  24  60  73 104  81  43  67  65  20  30  77  23 108  12  72  69
  10  95  48  68  46  93 111   5  18  44   7  66  35  79  74]
Acc=====> 0.9576
length====> 105
choose train acc =  0.9576 total_train_acc= 0.9563
choose test acc =  0.9584 total_test_acc= 0.9583
[ 106.        0.9566]
|episode =  74 |step =  11300 |train acc =  0.9569 |len= 107.0 |reward = 0 |done = False
|episode =  74 |step =  11400 |train acc =  0.9566 |len= 99.0 |reward = 0 |done = False
Goal lists====> [ 86  76  26   9  50  14  57  27  51 103  88  36  54  15  82  25  97  22
 107  83  71 109  29  33   8  91   2  92  49 112  94  55  41  11  24 104
  81  67  30  77  69  48  68  46 111  18   7  35  79  74  45  47  58  90
  32  98  17  34  61 113  62   1 100 102  53  23  21  44   4  42   5  59
  52  60  70  80  63 108 106  93  12 101  10  64  16  13  96   3  66  75
  89  65  72  39  99  31   6  95 105]
Acc=====> 0.9575
length====> 99
choose train acc =  0.9575 total_train_acc= 0.9563
choose test acc =  0.9589 total_test_acc= 0.9583
[ 99.       0.9575]
Goal lists====> [ 86  76  26   9  50  14  57  27  51 103  88  36  54  15  82  25  97  22
 107  83  71 109  29  33   8  91   2  92  49 112  94  55  41  11  24 104
  81  67  30  77  69  48  68  46 111  18   7  35  79  74  45  47  58  90
  32  98  17  34  61 113  62   1 100 102  53  23  21  44   4  42   5  59
  52  60  70  80  63 108 106  93  12 101  10  64  16  13  96   3  66  75
  89  65  72  39  99  31   6  95 105]
Acc=====> 0.9575
length====> 99
choose train acc =  0.9575 total_train_acc= 0.9563
choose test acc =  0.9589 total_test_acc= 0.9583
[ 99.       0.9575]
Goal lists====> [ 86  76  26  50  57  27 103  88  36  97  22  29  33  91   2 112  94  41
  11  24  81  30  77  69  48  68  46 111  18   7  47  58  90  32  17  61
 113  62 100 102  53  21  44   4  59  52  60  80 108  12  10  16  13  75
  89  72  39  95 105  37  56  28  78  85  66  84 109  20  19  49  73  83
  43  65  98 110  74 107  63  34  31   3  55  99  45 104  42  79  25  87
  71  93  54   9   8  64  15 106  96]
Acc=====> 0.9579
length====> 99
choose train acc =  0.9579 total_train_acc= 0.9563
choose test acc =  0.9587 total_test_acc= 0.9583
[ 100.        0.9573]
Goal lists====> [ 86  26  50  57  27 103  88  36  97  22  29  33  91   2 112  94  41  11
  24  81  30  77  69  48  68  46 111  18   7  47  58  90  32  17  61 113
  62 100 102  53  21  44   4  59  52  60  80 108  12  10  16  13  75  89
  72  39  95 105  37  56  28  78  85  66  84 109  20  19  49  73  83  43
  65  98 110  74 107  63  34  31   3  55  99  45 104  42  79  25  87  71
  93  54   9  64  15 106  96  40  67]
Acc=====> 0.9577
length====> 99
choose train acc =  0.9577 total_train_acc= 0.9563
choose test acc =  0.9583 total_test_acc= 0.9583
[ 100.        0.9575]
|episode =  78 |step =  11500 |train acc =  0.9568 |len= 101.0 |reward = 0 |done = False
|episode =  78 |step =  11600 |train acc =  0.9563 |len= 99.0 |reward = 0 |done = False
|episode =  78 |step =  11700 |train acc =  0.9563 |len= 99.0 |reward = 0 |done = False
|episode =  78 |step =  11800 |train acc =  0.9565 |len= 109.0 |reward = 0 |done = False
Goal lists====> [ 57  97  22  41  30  46  18  32  61  62  53  21  89  72 105  56  28  73
  74 106  96  40  51  85 100  90   9  17  36  82  48  42  94  68  83 110
  59  54  71   4  44  63  14   1  29  91  81  67  12  19  15  23  76 109
  99  77  24 102   2  16  13  93  11  87  39  43  84 108  27  34  25  80
  58  70  26  33  98  47  78 111  66  95  69  60  65 104  10  88   7   5
  75  86  79  45  38  49  52 113  92  50 103  20   8   3  37]
Acc=====> 0.9577
length====> 105
choose train acc =  0.9577 total_train_acc= 0.9563
choose test acc =  0.9587 total_test_acc= 0.9583
[ 107.        0.9574]
Goal lists====> [ 57  97  22  41  30  46  18  32  61  62  53  21  89  72 105  56  28  73
  74 106  96  40  51  85 100  90   9  17  36  82  48  42  94  68  83 110
  59  54  71   4  44  63  14   1  29  91  81  67  12  19  15  23  76 109
  99  77  24 102   2  16  13  93  11  87  39  43  84 108  27  34  25  80
  58  70  26  33  98  47  78 111  66  95  69  60  65 104  10  88   7   5
  75  86  79  45  38  49  52 113  92  50 103  20   3  37 112 101  64]
Acc=====> 0.9577
length====> 107
choose train acc =  0.9577 total_train_acc= 0.9563
choose test acc =  0.9585 total_test_acc= 0.9583
[ 109.        0.9576]
Goal lists====> [ 57  97  22  41  30  46  18  32  61  62  53  21  89  72 105  56  28  73
  74 106  96  40  51  85 100  90   9  17  36  82  48  42  94  68  83 110
  59  54  71   4  44  63  14   1  29  91  81  67  12  19  15  23  76 109
  99  77  24 102   2  16  13  93  11  87  39  43  84 108  27  34  25  80
  58  70  26  33  98  47  78 111  66  95  69  60  65 104  10  88   7   5
  75  86  79  45  38  49  52 113  92  50 103  20   3  37 112 101  64  35
  55]
Acc=====> 0.9576
length====> 109
choose train acc =  0.9576 total_train_acc= 0.9563
choose test acc =  0.9584 total_test_acc= 0.9583
[ 109.        0.9576]
Goal lists====> [ 57  97  22  41  30  46  18  32  61  62  53  21  89  72 105  56  28  73
  74 106  96  40  51  85 100  90   9  17  36  82  48  42  94  68  83 110
  59  54  71   4  44  63  14   1  29  91  81  67  12  19  15  23  76 109
  99  77  24 102   2  16  13  93  11  87  39  43  84 108  27  34  25  80
  58  70  26  33  98  47  78 111  66  95  69  60  65 104  10  88   7   5
  75  86  79  45  38  49  52 113  92  50 103  20   3  37 112 101  64  35
  55]
Acc=====> 0.9576
length====> 109
choose train acc =  0.9576 total_train_acc= 0.9563
choose test acc =  0.9584 total_test_acc= 0.9583
[ 109.        0.9576]
Goal lists====> [ 57  97  22  41  30  46  18  32  61  62  53  21  89  72 105  56  28  73
  74 106  96  40  51  85 100  90   9  17  36  82  48  42  94  68  83 110
  59  54  71   4  44  63  14   1  29  91  81  67  12  19  15  23  76 109
  99  77  24 102   2  16  13  93  11  87  39  43  84 108  27  34  25  80
  58  70  26  33  98  47  78 111  66  95  69  60  65 104  10  88   7   5
  75  86  79  45  38  49  52 113  92  50 103  20   3  37 112 101  64  35
  55]
Acc=====> 0.9576
length====> 109
choose train acc =  0.9576 total_train_acc= 0.9563
choose test acc =  0.9584 total_test_acc= 0.9583
[ 110.        0.9567]
|episode =  83 |step =  11900 |train acc =  0.9561 |len= 101.0 |reward = 0 |done = False
|episode =  83 |step =  12000 |train acc =  0.9566 |len= 107.0 |reward = 0 |done = False

target_params_replaced

|episode =  83 |step =  12100 |train acc =  0.9563 |len= 103.0 |reward = 0 |done = False
|episode =  83 |step =  12200 |train acc =  0.9559 |len= 97.0 |reward = 0 |done = False
|episode =  83 |step =  12300 |train acc =  0.9569 |len= 95.0 |reward = 0 |done = False
|episode =  83 |step =  12400 |train acc =  0.9564 |len= 103.0 |reward = 0 |done = False
Goal lists====> [ 74  43 103  55  84  86  97   2 102  78  79  49  25  11  16  67  45  10
   6 107  53  22  71  46  52   4  77  66  94  44 105  60  95  31  63  34
  92  48  68  89  21  39  12  85  41  14  54  65  56  40  36  37 109 100
  70  35  30  64  27  47   9  51   8  17 112  13  15  83  29  93  50   3
 111  42  19 101  69  58   1   7  96  73  32  26  61  90  20  80  88  59
 110  57  62  76  98  24 113  99  28  87  75  82  81  33  38]
Acc=====> 0.9575
length====> 105
choose train acc =  0.9575 total_train_acc= 0.9563
choose test acc =  0.9593 total_test_acc= 0.9583
[ 105.        0.9575]
Goal lists====> [ 74  43 103  55  84  86  97   2 102  78  79  49  25  11  16  67  45  10
   6 107  53  22  71  46  52   4  77  66  94  44 105  60  95  31  63  34
  92  48  68  89  21  39  12  85  41  14  54  65  56  40  36  37 109 100
  70  35  30  64  27  47   9  51   8  17 112  13  15  83  29  93  50   3
 111  42  19 101  69  58   1   7  96  73  32  26  61  90  20  80  88  59
 110  57  62  76  98  24 113  99  28  87  75  82  81  33  38]
Acc=====> 0.9575
length====> 105
choose train acc =  0.9575 total_train_acc= 0.9563
choose test acc =  0.9593 total_test_acc= 0.9583
[ 106.       0.957]
|episode =  85 |step =  12500 |train acc =  0.9566 |len= 105.0 |reward = 0 |done = False
|episode =  85 |step =  12600 |train acc =  0.9566 |len= 109.0 |reward = 0 |done = False
|episode =  85 |step =  12700 |train acc =  0.9567 |len= 107.0 |reward = 0 |done = False
|episode =  85 |step =  12800 |train acc =  0.9563 |len= 113.0 |reward = 0 |done = False
Goal lists====> [ 55  84  97   2  78  25  67  45  10   6 107  53   4  66  44 105  60  95
  63  68  39  54  65  56  40  36 109 100  30  27   9  17  13  93  42 101
   1  73  32  26  88  59  57  24  99  87  81  72  23  18  71  90 104  92
  86 111  83  69  76 113  98  28 106  34  62  46  96  75  91  33  61  20
  15  41  51  79  16  31  50   7 108  77  38  49  22  12  35  14  89  21
 102  85  11  80   8]
Acc=====> 0.9576
length====> 95
choose train acc =  0.9576 total_train_acc= 0.9563
choose test acc =  0.959 total_test_acc= 0.9583

