==========JUNIWARD03============================
Goal lists====> [109  92  19  34  63  51  88  43  16  38  49   6  47  90 100  59  23  76
   7 111 101  98  83  67  35   3  87  94  95 102  28  52  30  21  72  12
  20  37  17  13  57  31 105  40  78 110   4  46  75  15  29 107  73  42
  61  26  58  25  69  89 104  99  39  41  93  18  71  36  66  60  70  85
  27   5  45]
Acc=====> 0.6864
length====> 75
choose train acc =  0.6864 total_train_acc= 0.6821
choose test acc =  0.6886 total_test_acc= 0.6871

Goal lists====> [ 97  45  86  31  25  19  89  66  94  20  56  24  91  82  98   8 100  90
  33  11  55  32  81   3  83  61  18  80  65  34 109 111  69  28  49  93
  74  16   1  52 104   2  87   9   5  57  47  76  12 108  40  44  84  43
  38   4  64 103 101  75  70  51  77  85  23  54 107  46  39 106  99  71
  78  88  35  37  10  13  26  72  21  42  59 105  14  58  17  48  63   7
  30  73  29  62  60]
Acc=====> 0.6861
length====> 95
choose train acc =  0.6861 total_train_acc= 0.6821
choose test acc =  0.6875 total_test_acc= 0.6871

Goal lists====> [ 97  24  11  32  83  65 111  84  70  77 107  42  62  60 102 108  96  26
  48   5  22  81   1  20  98  68  73  40  93  45  50 103   2  91  38  43
  23 101  59  78   3  54  19  92  89   7  64  15  10  71  14  25  53  27
  63  13   9 105  55   6 104   8  46  75  51  72  29 109  41  37  95  82
  30 110   4  80  61  90  49  88  56  34  16  66  52  85  76 100  99  36
  57  94 106  79  33  86  39]
Acc=====> 0.6863
length====> 97
choose train acc =  0.6863 total_train_acc= 0.6821
choose test acc =  0.6863 total_test_acc= 0.6871

Goal lists====> [ 71 105  69  32  34  10   6  26  68  67  98  18  56  73  85  51  21  87
  15  77   3  36  62  60  57  52  88  47  76  35  27   5   8  95  20  75
  23  37 102  17 101  33  16   1  70 110  64  25  96  19  28 100  55   4
  49  72  86  97 104  99 106  66  13  29  63  83  30  42  94  54  79  14
  22  78 111  43  84  81  38  50  90   2  44  45 108 109   7]
Acc=====> 0.686
length====> 87
choose train acc =  0.686 total_train_acc= 0.6821
choose test acc =  0.686 total_test_acc= 0.6871

Goal lists====> [ 32  34  10  26  68  85  51  21  87   3  62  52  76  27   5  20 101  33
  70  25  96 100  55   4  72  97  99  66  29  30  94  54  22  81  50   2
  45   7  65  48  93  37  13  16  74  11  46  42  24  82  59  78  12  43
  80  36  90  84  75  63   6  19  49  89  73  39 107  15  98  47  91  60
  56  40  77   8 102  23  17 109  71   1  69  79  28]
Acc=====> 0.6862
length====> 85
choose train acc =  0.6862 total_train_acc= 0.6821
choose test acc =  0.6868 total_test_acc= 0.6871

Goal lists====> [ 32  34  10  26  68  51  21  87   3  62  52  76   5  20 101  33  70  25
 100  55   4  72  97  99  66  29  94  54  22  81  50   2  45   7  65  48
  93  37  16  74  11  46  42  24  59  78  12  80  84  63  19  49  89  73
  39 107  15  47  91  60  56  40  77   8 102  23  17 109  71   1  69  79
  28  57  83  31  92  75  64  35  86  38  36  88 111]
Acc=====> 0.6862
length====> 85
choose train acc =  0.6862 total_train_acc= 0.6821
choose test acc =  0.689 total_test_acc= 0.6871

Goal lists====> [ 10  26  21   3  62  52  76  70 100   4  72  97  94  54  22  81   7  65
  93  37  74  12  80  63  19  89  73  39 107  15  91  60  75  35  86  88
 111  18  14 105  44  58  67  82 103  98 110  46   9 108  66 104  64  53
  30  99  29 102  84  85  51  25  69  34  45  47  55  24  48  40  41  96
  79 109   5 106 101  71  32  90  57  38  61  11  27  59  50]
Acc=====> 0.6864
length====> 87
choose train acc =  0.6864 total_train_acc= 0.6821
choose test acc =  0.6858 total_test_acc= 0.6871

Goal lists====> [  6  39  30  77  10   7  21 102  53  96  67  23  12 106  61 104  28 110
  51  41 100  59  49  83  29  54  22  19   1  18  24  85  37   3  40  76
  55  71  38   5 107  70  86  89  47  81  65  26  93  94  42  62  48  14
  58  17  92  31 109  87  69  36  32  68  15  66  45  95  84  98 105  50
 111  27  25  16  57  63  79  88  80  90  60]
Acc=====> 0.686
length====> 83
choose train acc =  0.686 total_train_acc= 0.6821
choose test acc =  0.6864 total_test_acc= 0.6871


Goal lists====> [ 12  29  15  45  69 102  35  24 108  20   7  61  40  53  76  17  22  47
   9  72   6   1  83  68  13  34  64  86  85 104  81 101  63  21  27  87
  62  44   2  79  93  46 111  39  16  89  26  97   3 103  84  74  50  91
  56  82  66  14 100  57  49  60  71  33  54  67 105  32 109 110  48  75
 107  80  36]
Acc=====> 0.6871
length====> 75
choose train acc =  0.6871 total_train_acc= 0.6821
choose test acc =  0.6893 total_test_acc= 0.6871

Goal lists====> [ 12  29  15  45  69 102  35  24 108  20   7  61  40  53  76  17  22   9
  72   6   1  83  13  34  64  86  85 104  81 101  63  21  27  87  62  44
   2  79  93  46 111  39  16  89  26  97   3 103  84  74  50  91  56  82
  66  14 100  57  49  71  33  54  67 105  32 109 110  48  75 107  80  36
  88  58  70  38  41  98  55  78   8]
Acc=====> 0.6853
length====> 81
choose train acc =  0.6853 total_train_acc= 0.6821
choose test acc =  0.6873 total_test_acc= 0.6871

Goal lists====> [ 35   3   8  93  79  49  33   9  97  60  95  10  44  84  28  99  25  70
  12  59 106  48  11  72  89  94  66  29  39  54  47  55   5  58  15  65
  78 101 104  34  96  86  56  45  19  43  22 105 107  73 111  50   4  41
  80  68  75  30  69  67  23  88  76  91  21  62  98  24  90   7  26 102
  61 109  14  57  92  52  51  20  64  17  71  38 100 108  16  87  36  82
   2]
Acc=====> 0.685
length====> 91
choose train acc =  0.685 total_train_acc= 0.6821
choose test acc =  0.6894 total_test_acc= 0.6871

Goal lists====> [ 65  67 102  70  79  19  55  47  96  56   5  14  71  93  49   2  63  29
  35  37  39  72   8  91  53  40  44  18 107  42  85  68  57  34  45  22
  62  17  75  87  21 104  84  32  36  58  28  88  52  59  30  64  76  77
  15  13  24  26 106   6  80  41 101 111  54  60  86  81  25  33  20  73
  31  95 108   4  16  82  78  90   9   7  27  69  98  66  23  94  12  61
  10   1 109  11 105  50  46  48  99  97   3  51  89  38 110]
Acc=====> 0.685
length====> 105
choose train acc =  0.685 total_train_acc= 0.6821
choose test acc =  0.6882 total_test_acc= 0.6871
Goal lists====> [ 65  18  88  31  21  80  61  24  62  13  89  75  54  55  63  25  34   5
   2  17  68  60  90  71  14   7   6  79  94  47  48  33  84   8  70  82
 102  76  83  38  40   3  29  15  91  45  23 110  57  74  20  51  41 100
  85   1  16  22 107  46  97 111  19  78   4  66 104  37  59  10  26  87
  43  50  52  73 105  49  44 103  96 101  69 109  77 108  39  98  30   9
  72]
Acc=====> 0.6852
length====> 91
choose train acc =  0.6852 total_train_acc= 0.6821
choose test acc =  0.6892 total_test_acc= 0.6871
Goal lists====> [ 65  18  88  31  21  80  61  24  62  13  89  75  54  55  63  25  34   5
   2  17  68  60  90  71  14   7   6  79  94  47  48   8  70  82 102  76
  83  38  40   3  29  15  91  45  23 110  57  74  20  51  41 100  85   1
  16  22 107  46  97 111  19  78   4  66 104  37  59  10  26  87  43  50
  52  73 105  49  44 103  96 101  69 109  77 108  39  98  30   9  72  42
  64]
Acc=====> 0.685
length====> 91
choose train acc =  0.685 total_train_acc= 0.6821
choose test acc =  0.69 total_test_acc= 0.6871

Goal lists====> [ 65  18  88  31  21  80  61  24  62  13  89  75  54  55  63  25  34   5
   2  17  68  60  90  71  14   7  79  94  47  48   8  70  82 102  76  83
  38  40   3  29  15  91  45  23 110  57  74  20  41 100  85   1  16  22
 107  46  97 111  19  78   4  66 104  37  59  10  26  87  43  50  52  73
 105  49  44 103  96 101  69 109  77 108  39  98  30   9  72  42  64  95
  35]
Acc=====> 0.6856
length====> 91
choose train acc =  0.6856 total_train_acc= 0.6821
choose test acc =  0.6904 total_test_acc= 0.6871===============================================================

Goal lists====> [ 65  18  88  31  21  80  61  24  62  13  89  75  54  55  63  25  34   5
   2  17  68  60  90  71  14   7  79  94  47  48   8  70  82 102  76  83
  38  40   3  29  15  91  45  23 110  57  74  20  41  85   1  16  22 107
  46 111  19  78   4  66 104  37  59  10  26  87  43  52  73 105  49  44
 103  96 101  69 109  77 108  39  98  30   9  72  42  64  95  35  56]
Acc=====> 0.6852
length====> 89
choose train acc =  0.6852 total_train_acc= 0.6821
choose test acc =  0.6892 total_test_acc= 0.6871
Goal lists====> [ 65  18  88  31  21  80  61  24  62  13  89  75  55  63  25  34   5   2
  17  68  90  71  14   7  79  94  47  48   8  70  82 102  38  40  29  15
  91  45 110  57  74  20  41   1  16  22 107  46 111  19  78   4  66 104
  37  59  10  26  87  43  52 103 101  69 109  77 108  98  30   9  72  42
  64  95  56  12 100  92  50   6 106  53  11  76  33]
Acc=====> 0.6854
length====> 85
choose train acc =  0.6854 total_train_acc= 0.6821
choose test acc =  0.6898 total_test_acc= 0.6871

Goal lists====> [ 65  18  88  31  21  80  61  24  62  13  75  55  63  34   2  17  68  90
  71  14   7  79  94  47  48   8  70  82 102  38  40  29  15  91  45 110
  57  74  20  41   1  16 107  46 111  19  78   4  66 104  37  59  10  26
  87 103 101  69 109  77 108  98  30   9  72  42  64  95 100  92  50   6
 106  53  11  76  33  73  39  27  49   3  25  28   5  60  35  52  97]
Acc=====> 0.685
length====> 89
choose train acc =  0.685 total_train_acc= 0.6821
choose test acc =  0.6892 total_test_acc= 0.6871

Goal lists====> [ 28  19  97  96 105  22  65  57  51  94  16 104  24  37  54 102  82  74
  40  62  77  23  88  50  39  89  52   4  91   1   5  60  80  90  76 111
 109  66  38  56  36  99 101  73  67  42  83  26  48  15  68  10  86 100
  17  45  46  55  81  84  79   7  29  69   3   8  20  34  21 110 106 108
  32  12  93  31  71  53 107  47   6  33  30  72  75  98  27  35  18  49
  92  61  87  95  13  41  78   9  44  63  85  70   2  14  11]
Acc=====> 0.6851
length====> 105
choose train acc =  0.6851 total_train_acc= 0.6821
choose test acc =  0.6889 total_test_acc= 0.6871

Goal lists====> [ 28  19  97  96 105  22  65  57  51  94  16 104  24  37  54 102  82  74
  40  62  77  23  88  50  39  89  52   4  91   1   5  60  80  90  76 111
 109  66  38  56  36  99 101  73  67  42  83  26  48  15  68  10  86 100
  17  45  46  55  81  84  79   7  29  69   3   8  20  34  21 110 106 108
  32  12  93  31  71  53 107  47   6  33  30  72  75  98  27  35  18  49
  92  61  87  95  13  41  78   9  44  63  85  70   2  14  11]
Acc=====> 0.6851
length====> 105
choose train acc =  0.6851 total_train_acc= 0.6821
choose test acc =  0.6889 total_test_acc= 0.6871

Goal lists====> [ 31  77  94 103   1  59  80  10  52  39  34  97  26  32  25  79  30  40
 100   7  54   8  65 106  50  63  20  23  56  53  92  27  93  24  18 104
 101  38  61 110  89 108  21  78  29  95  15  70  37  41  57  88  22  58
  84 107  35   3  28  96   2  17  55  76  68 102  82  51  12  87  60  36
  16   5  73  72  91   4   9 105  14  45  75  86  71  64  48  67  43  62
  11  98  69  33  44  19 109  90  85  42 111  83  66]
Acc=====> 0.6853
length====> 103
choose train acc =  0.6853 total_train_acc= 0.6821
choose test acc =  0.6883 total_test_acc= 0.6871

Goal lists====> [ 31  77  94 103   1  59  80  10  52  39  34  97  26  32  25  79  30  40
 100   7  54   8  65 106  50  63  20  23  56  53  92  27  93  24  18 104
 101  38  61 110  89 108  21  78  29  95  15  70  37  41  57  88  22  58
  84 107  35   3  28  96   2  17  55  76  68 102  82  51  12  87  60  36
  16   5  73  72  91   4   9 105  14  45  75  86  71  64  48  67  43  62
  11  98  69  33  44  19 109  90  85  42 111  83  66]
Acc=====> 0.6853
length====> 103
choose train acc =  0.6853 total_train_acc= 0.6821
choose test acc =  0.6883 total_test_acc= 0.6871


Goal lists====> [ 31  77  94 103   1  59  80  10  52  39  34  97  26  32  25  79  30  40
 100   7  54   8  65 106  50  63  20  23  56  53  92  27  93  24  18 104
 101  38  61 110  89 108  21  78  29  95  15  70  37  41  57  88  22  58
  84 107  35   3  28  96   2  17  55  76  68 102  51  12  87  60  36  16
   5  73  72  91   4   9 105  14  45  75  86  71  64  48  67  43  62  11
  98  69  33  44  19 109  90  85  42 111  83  66  81]
Acc=====> 0.6857
length====> 103
choose train acc =  0.6857 total_train_acc= 0.6821
choose test acc =  0.6891 total_test_acc= 0.6871

Goal lists====> [ 39  60  36  28  22   9   6  51 110 101 108  47  35  89  79  57  29   1
  75  15  24   5   2  62  95  34   7  77   4  69  21  16  70 105  32  26
  91  78  73  90 106  50  37  12  71  10  66 109  83  80  18  65  56  31
   3  19  55  67  25  76  43  40  98  58  64  63  87  11  61  53  42 104
  74  97  85  72  86 107  94  52  92  88  82  48  14  81 102 100  30  27
  49  13  59  54 103  45  99   8  93  41  23  38 111  20  17]
Acc=====> 0.6853
length====> 105
choose train acc =  0.6853 total_train_acc= 0.6821
choose test acc =  0.6895 total_test_acc= 0.6871

Goal lists====> [ 70  30  54  24  80  19  40   4  20   3  52  64  53  76  94  66  11  43
  22  28  21  72  27  89  79 105  75   8   7  99  15   9  60  68  12   2
  63 106  84  90 107 103  83  47  86  82  44  23  85 101  17  87  18  41
  51  69 104  29  92  71  16  33  48  59  74  88  25  49  77  95  61  34
  38  65  98   1  35  39  73  36 109  31  45  56  13  62  10  57  37  32
 102 108  50  91  42  81 100 111  78]
Acc=====> 0.6851
length====> 99
choose train acc =  0.6851 total_train_acc= 0.6821
choose test acc =  0.6887 total_test_acc= 0.6871

Goal lists====> [ 70  30  54  24  80  20   3  64  53  11  43  22  89 105  75   8   7  99
  12  63 106  90  83  47  86  82  44  23  87  18  41  69  29  92  16  33
  48  25  49  61  34  38  98   1  39  73  36 109  56  10  32  91  81 100
 110  65   6   5  46  94 104  26  58  72  52  55  60  59  67  42  97  13
  66  88  40  74  37  95  79   4 107 103  71  35  27  76  31  84  50 111
  15  68  19  28  17  45 102  57 108  62   2]
Acc=====> 0.685
length====> 101
choose train acc =  0.685 total_train_acc= 0.6821
choose test acc =  0.6886 total_test_acc= 0.6871

Goal lists====> [ 82  33  59  14  10  45  24  96  18 108  86  48  43  68  57 107  26  47
 103  54  87   3  63  34  60  97  39  17  92 110  61  70  12  88  13  30
  99  72  89   9  73  52  16  28  35 111  40  94 104   1   7  53   2  90
  62  95  51  71 101  36  98  42  91  84  41  31  55  76  21  80  56  50
  66  64  75 106 100   4   5   8  38  44  77  83  67  19  37  20  74  93
  69 105  23  15  49]
Acc=====> 0.6858
length====> 95
choose train acc =  0.6858 total_train_acc= 0.6821
choose test acc =  0.6888 total_test_acc= 0.6871

Goal lists====> [ 34  20 104  91  82  22  16  84  26   8  18 102  42  86  36  39  45  96
  50  94  29  90 108  43  73  30  89  38  37 111  99  65  21  93  10  98
  27  88   3  55  44  56  77  62  74  14  58  28  72   5  51  66  78  68
  97  52  19  64   6  41  85  57  40  13 107  48 109   2   9 100 101   7
 103  76  54  33  70  32  63  75  80  61  87  31  35  71  23  25  46]
Acc=====> 0.6856
length====> 89
choose train acc =  0.6856 total_train_acc= 0.6821
choose test acc =  0.6884 total_test_acc= 0.6871

Goal lists====> [ 40   6  41 104  90  67   9  74  12 107  53  11  35  14 109 105 100  80
   4  76  84  31  85  38  93  70  45  63  25   5  99   8  55  48  34  73
  51  36  54  68  56  82  83  49  58  92  23 101  78  17  61 111 108  79
  89  94  19  50  13 102  96  75  15   3  37  42  39  29  18  59   7  46
  69  66  26  52  71  81  24  86 106  57 110  65  43  30  64  20  32  87
  44  10  47  62  77]
Acc=====> 0.685
length====> 95
choose train acc =  0.685 total_train_acc= 0.6821
choose test acc =  0.6886 total_test_acc= 0.6871

Goal lists====> [107  69  78  32  75  63  70  98  17  10  24  59  29 101  58  13 100   9
  97  99 106  62  47  19  53  38  73  82  66  57  26  80   6  77 102  68
  16  51  39  27  40  76   2  44  42  37  83   3 109 111 110  60  33  88
  12  74  93  81   1  45  11  35  31  43  28  50 103  89  94  95  84  46
  34  92  64  67 105  55 104  72 108  22  23  85  52   5  61  79  14  65
  49  48  21  36  15  20  71  87  30  90   7  86  56]
Acc=====> 0.6856
length====> 103
choose train acc =  0.6856 total_train_acc= 0.6821
choose test acc =  0.6898 total_test_acc= 0.6871

Goal lists====> [107  69  78  32  75  63  70  98  17  10  24  59  29 101  58  13 100   9
  97  99 106  62  47  19  53  38  73  82  66  57  26  80   6  77 102  68
  16  51  39  27  40  76   2  44  42  37   3 109 111 110  60  33  88  12
  74  93  81   1  45  11  35  31  43  28  50 103  89  94  95  84  46  34
  92  64  67 105  55 104  72 108  22  23  85  52  61  79  14  65  49  48
  21  36  15  20  71  87  30  90   7  86  56]
Acc=====> 0.6852
length====> 101
choose train acc =  0.6852 total_train_acc= 0.6821
choose test acc =  0.6886 total_test_acc= 0.6871

Goal lists====> [110   2  46  60  80  69  59  19  55 109  99  53  20  33  24  66  81  43
  71  68  63  27  10  23   3  36  44  15   6  52  64 104   9  32  40  11
  54 101  39  18 103  47  34  79  90  37  95  84  45  57 105   8  25  26
  89  92 100  78  75  94  74  41  14  30  61  16   7  70  21  72  86 107
  67  85  22  97  77  42  83  56  17  51   1  93  28 106  35 108  13  62
   4  29  58  88  48  91  76  87  31  50  73]
Acc=====> 0.6854
length====> 101
choose train acc =  0.6854 total_train_acc= 0.6821
choose test acc =  0.6894 total_test_acc= 0.6871



























 

