+++++++20170609++++++++++++++++++
+++++++++++++++++++++++++++++++++

Goal lists====> [69 82 52 25 85 80 37 11 56 12 26 40  1 99 60 42 84 29 53 34 23 68 74 83 48
 66 44 65 50 49 19 75 10  3 57 71 86 46 51 54 38 70 97  7 91 28 63 92 95 16
 93 17 77 36 61 55 76 35 72 98 90 15 27  6 14 67 89 79 21 31 33 43 73 62 32
 24 94 59 96 39  4 41  9]
Acc=====> 0.837
length====> 85.0

Goal lists====> [12 84 34 74 83 51 95 16 72 90  6 24 59  9 88  8 77 69 39 54 65  7 57 91 58
 44 15 32 22 60  4 81 31 20 97 73 55 96 36 11 33 29 35 38 40 62 48 14 94 78
 56 50 23 76 63 49 47 10 98 21 87  1 42 70 68 85 67 80 82  3 26 19 46 79 13
 53 64 89 52 43 18]
Acc=====> 0.8373
length====> 81.0

Goal lists====> [12 84 34 74 95 90  6 24 59  8 77 69 39 54 65  7 57 91 58 44 15 32 22 60  4
 81 20 97 96 36 11 33 29 35 38 40 62 48 94 56 50 76 63 49 47 10 98 21 87  1
 42 68 67 80 82  3 26 19 46 79 13 53 64 89 52 43 18 25  2 30 17 71 92 41 61
 31 28 23 99 66 86 93  9 55 75 72 27]
Acc=====> 0.837
length====> 87.0

Goal lists====> [84 34 74  6  8 69 54 58  4 96 38 94 21 64  2 30 99 85  5 71 77 40 49 57 83
 67 18 52 37  1 32 31 15 80 86 63 91 44 65 56 62 36 75 50 14 51 25 60 61 97
 90 29 70 22 53 11 93 95 13 12 19 76 92 46 98 23  3 87 41 42 66 10 26]
Acc=====> 0.837
length====> 71.0

Goal lists====> [39 69 90 37 46 82  2 61 34 67 71 48 43 80 19 52  1 26 13 47 17 57  3 81 91
  6 66  4 72 83 77 28 49  7 44 21 92 58 70 76 50 56 78 96 59 74 89 99 18 65
 93 27 87 86 40 24 29 63 38 16 36 22 31 41 25 88  8 42 68 33 94 35 10 84 98
 15 45 30 62 32 14  5 73]
Acc=====> 0.837
length====> 81.0

Goal lists====> [72 17 35 65 63 59 94 99 19 33  8 16 36 53  7 97 70 39 57 12 21 32 66 40 44
 90 58 82 22 41 37 45 87 15  6 62 60 31 24 23 29 30 73 56 48 18 67 46 80 25
 64  4 84 10 55 75 26 42 43 47 49  2 11 77  1  3 79  5 27 34 88 74 76 98 38]
Acc=====> 0.8376
length====> 75.0

Goal lists====> [54  1 88 35 16 78 47 58 53 40 34 77 62 48 52 69 14 43 15 33 38 31 19 56 57
 63 99 27 23 10 22 82 12 45  8  7 74 67 92 90 73 55 98 85 26 25 66 39 18 97
 96 28 64 71 79 70 95 83 68 49 75  4 51 32 94 76 72 29 86]
Acc=====> 0.8376
length====> 63.0

Goal lists====> [72 17 35 65 63 59 99 19 33  8 16 36 53  7 97 70 39 57 12 32 66 40 44 90 58
 82 22 37 87 15  6 62 60 24 29 30 73 56 48 18 67 46 80 25 64  4 84 10 55 75
 26 42 43 47 49  2 77  1  3 79  5 27 34 88 74 76 98 38 96 52 54]
Acc=====> 0.8374
length====> 73.0

 [77 89 20 23 39 87 62 13 68 74 18 57 11 48 50 91 35 10 36 61 27 38 28 88  4
 93  6 75 76 64 83 71 59  9 44 73 82 22 43 99 65  8 85 26 33 95 49 32 19 42
 56 66 34 79 40  2 16 80 92 58 30 51 96 54 98  7 67 25 84 60 70 29 45  1 52
 53 46 72  3 31 94]
Acc=====> 0.8377
length====> 79.0

train total acc= 0.8352
test total acc= 0.8304
choose train acc =  0.8376 choose test acc =  0.8294 choose length= 69
choose train acc =  0.8373 choose test acc =  0.8309 choose length= 81
choose train acc =  0.837 choose test acc =  0.8302 choose length= 73
choose train acc =  0.8376 choose test acc =  0.8318 choose length= 75
choose train acc =  0.8377 choose test acc =  0.8321 choose length= 81





