JCUED03
Goal lists====> [ 74  88  96  49  79  21  15  13  34 107  66  20 105  24  27  22  85  84
  72  86  63  98  64  91  12   6  55  57  32  78  38  30  59  23 103  75
  93  28  99  89  35  83  67  56  77 104  70  25 101  51 106  81  90  69
   4  95  80  68  50  29  41  65  47  48  97  18  33  45  60   3   8  37
  53  73  46  16  31 102  43  11  40  82  61  14  92   7  10  26  19]
Acc=====> 0.7993
length====> 89
GOALACC =  0.7989
choose train acc =  0.7993 total_train_acc= 0.7967
choose test acc =  0.7993 total_test_acc= 0.7967

JUNIWARD03
Goal lists====> [ 72   2  48  41  85   1  26  19  38  46  34  87  54  69   7  32  90  30
  15  86   9  71 101  92  40 108  56  75  83  94  22  93  45  64  44  80
  10  89  47  76  24  31  66  23  53  20  65  77  79  17  13  39  37  97
  73 104  11  28  36  63  42  43  70  96  21]
Acc=====> 0.6883
length====> 65
GOALACC =  0.6876
choose train acc =  0.6883 total_train_acc= 0.6846
choose test acc =  0.6883 total_test_acc= 0.6846

